Chromosome: 101011101011110
Weight: 1642
Value: 2646
### INPUT PARAMETERS ###
Population size: 10
Liczba generacji: 50
Parent selection: 1
Crossover Points: 2
Mutation Probability: 0.1
### FITNESS ###
Mean Fitness: dict_values([1648.2, 1939.3, 1992.1, 1838.0, 2069.4, 2143.1, 2173.8, 2229.5, 2023.6, 2107.4, 2139.8, 2002.0, 2097.8, 2264.9, 2528.5, 2512.2, 2210.8, 2528.5, 2519.2, 2545.7, 2517.5, 2534.8, 2515.8, 2103.9, 2075.6, 1855.6, 2530.8, 2252.9, 2455.6, 2437.0, 2445.3, 2420.6, 2396.9, 2229.5, 2150.7, 2274.8, 2345.4, 1989.7, 2285.5, 2358.5, 2444.0, 2283.5, 2400.3, 2446.8, 2507.6, 2485.3, 2485.3, 2518.2, 2294.2, 2261.0])
Max Fitness: dict_values([2646, 2646, 2646, 2533, 2646, 2646, 2646, 2646, 2564, 2564, 2564, 2646, 2646, 2646, 2646, 2646, 2646, 2646, 2646, 2646, 2646, 2646, 2646, 2646, 2646, 2646, 2646, 2646, 2646, 2596, 2646, 2646, 2646, 2646, 2646, 2473, 2646, 2646, 2473, 2473, 2473, 2579, 2646, 2646, 2646, 2646, 2646, 2646, 2646, 2646])
Min Fitness: dict_values([831, 1509, 1440, 1440, 1527, 1527, 1527, 1881, 1471, 1881, 1881, 0, 1130, 953, 1881, 1718, 0, 1918, 2241, 2386, 2386, 2386, 2386, 0, 0, 0, 2423, 0, 2153, 2203, 2063, 2063, 2013, 1545, 1275, 2013, 1793, 0, 2013, 1743, 2328, 1545, 1718, 2328, 2473, 2423, 2423, 2473, 0, 0])
